178
421
458
132
386
790
18
453
901
314
166
265
557
92
783
845
175
730
651
833
337
376
502
537
787
738
106
933
289
724
392
42
79
199
959
164
66
957
462
250
658
535
69
438
776
649
902
663
824
30
349
335
882
862
536
290
165
693
367
614
917
88
631
327
452
244
395
132
502
621
102
134
392
46
707
318
607
130
923
990
777
295
125
819
178
956
5
843
605
525
253
752
405
403
880
212
905
430
726
897
345
140
477
184
481
891
812
784
38
605
388
279
565
706
288
934
587
676
834
302
969
570
717
460
931
534
672
151
651
851
119
692
386
556
596
519
241
853
115
526
209
774
874
317
149
638
613
835
742
240
923
786
849
408
749
0
277
256
633
429
593
244
617
2
76
563
627
604
549
919
600
195
146
883
622
976
513
63
259
924
658
483
817
507
358
569
596
92
722
759
726
166
549
428
340
374
265
232
436
822
295
769
474
924
866
774
530
109
27
373
455
733
921
676
775
157
980
334
162
731
388
137
639
850
89
634
519
777
952
412
940
950
728
216
524
900
56
575
379
533
471
34
176
556
754
57
795
467
698
371
667
713
462
872
913
539
800
378
235
286
698
505
765
660
421
625
215
221
379
877
801
708
192
909
919
200
403
645
634
457
152
850
148
505
631
854
195
985
225
670
896
728
288
991
945
134
437
356
890
266
522
243
289
919
839
935
529
402
610
574
313
834
635
767
838
673
314
304
584
127
113
491
677
835
967
151
619
819
160
716
863
95
675
367
142
129
642
594
231
312
713
530
730
657
517
172
269
92
408
266
728
221
615
69
868
247
301
334
527
148
47
78
219
689
102
436
958
254
958
112
750
443
531
303
522
938
825
190
607
668
359
473
7
939
830
694
688
952
305
977
124
807
595
670
472
75
313
362
402
431
563
327
733
582
567
222
163
462
731
589
978
454
845
361
298
963
581
193
932
74
781
553
737
272
935
532
51
509
94
81
681
326
701
509
656
510
823
219
959
172
999
510
782
409
852
452
455
139
455
443
203
886
760
533
258
890
511
174
227
516
48
596
295
622
545
478
944
933
925
302
180
915
320
419
368
54
195
175
866
592
556
442
763
783
386
600
523
28
212
748
150
206
751
307
821
124
771
941
402
299
123
246
354
307
322
104
526
1
543
215
88
653
848
637
254
327
442
913
329
929
283
474
414
975
288
358
828
893
379
260
733
823
464
210
858
409
645
354
814
349
366
451
545
600
233
325
792
410
397
827
599
148
296
220
323
818
178
166
697
994
359
255
639
39
307
390
380
161
507
577
886
570
306
541
385
337
538
767
400
426
356
891
176
237
741
822
633
855
115
125
871
810
602
47
887
223
112
207
411
370
787
328
674
532
777
117
654
696
90
949
350
191
454
828
384
514
723
173
97
692
530
238
528
318
557
468
882
486
47
751
479
785
288
617
601
155
935
838
774
289
267
281
624
367
337
51
214
862
733
330
66
583
276
662
31
358
31
466
564
139
936
555
620
982
361
492
715
314
976
14
329
143
717
672
112
705
19
743
736
35
426
448
859
818
313
42
658
299
387
598
1000
238
24
915
295
496
961
796
773
375
89
570
701
430
73
847
112
917
218
592
137
721
387
25
604
510
466
655
607
777
711
482
193
548
146
141
499
26
702
778
471
619
996
114
787
334
182
453
248
26
133
927
555
92
557
729
53
68
245
156
575
985
369
631
313
65
185
262
433
829
861
19
185
763
493
263
652
954
180
535
316
549
478
510
775
609
209
875
883
744
351
798
462
890
757
846
553
846
111
480
302
501
893
470
789
617
135
368
62
617
216
93
874
184
788
88
818
546
629
676
846
888
874
372
217
621
208
877
494
135
63
458
279
565
441
834
449
25
461
618
157
857
547
355
31
300
612
865
151
657
937
920
151
711
762
488
524
522
466
983
610
898
337
556
533
489
285
409
427
465
211
483
293
740
760
979
663
302
565
745
255
546
892
42
713
517
609
705
901
866
126
105
976
602
5
856
261
826
24
684
903
803
690
781
712
850
998
626
891
151
29
422
842
711
317
936
626
211
182
338
318
491
467
707
176
444
0
895
551
975
273
581
410
649
552
38
338
405
900
780
901
760
223
451
823
0
36
773
12
64
69
137
401
373
531
100
78
72
710
826
432
432
793
424
271
664
5
590
663
409
636
828
711
700
511
131
643
874
729
324
647
993
714
777
853
134
861
955
721
76
855
710
212
314
187
207
803
418
956
765
723
545
992
508
406
273
590
359
16
629
97
859
322
818
749
534
792
347
229
338
417
659
786
725
938
751
456
195
950
491
39
55
82
415
644
812
886
470
867
851
549
309
340
354
105
483
783
839
858
882
482
997
582
75
26
673
309
76
106
809
927
353
278
585
82
241
155
14
188
925
647
965
660
462
715
482
236
615
733
414
719
800
292
669
976
995
506
262
785
238
829
162
269
567
103
677
647
528
153
876
161
407
119
957
89
540
58
748
704
69
854
452
757
561
995
408
355
403
431
154
593
37
534
254
711
916
436
9
601
636
772
244
900
259
980
112
404
786
27
279
547
720
660
322
274
872
84
723
634
593
934
219
935
63
189
677
586
30
52
806
110
417
435
971
142
494
272
521
550
521
862
889
11
38
318
2
682
594
412
911
197
501
803
518
869
620
194
366
139
151
874
769
280
343
843
633
489
225
669
15
560
55
12
937
493
778
871
780
585
328
170
270
197
779
716
539
368
73
587
642
200
660
780
267
736
756
651
770
470
562
174
917
904
863
11
579
915
356
481
819
793
376
663
438
878
4
289
678
979
857
676
922
518
116
740
689
341
358
416
667
772
789
600
972
692
429
266
581
152
739
392
457
942
199
554
863
470
221
659
920
181
799
303
478
568
788
958
898
684
567
531
923
87
593
579
5
464
392
405
78
229
786
301
508
498
692
351
357
255
918
168
839
369
237
691
333
583
886
131
83
646
115
726
173
865
917
73
359
605
827
632
238
928
654
820
636
262
117
246
704
274
285
451
56
696
703
613
273
420
202
439
35
33
354
29
380
826
307
536
611
549
282
277
695
94
474
784
285
282
197
954
883
81
764
347
302
337
620
170
588
833
582
471
555
597
531
724
75
428
244
338
893
318
958
144
774
285
706
469
163
904
431
339
419
52
48
642
278
674
432
345
842
911
991
903
808
553
89
383
813
590
123
805
876
764
175
104
397
756
395
130
449
473
768
92
36
81
827
919
245
709
257
931
432
508
58
296
576
504
376
489
300
65
967
757
671
12
501
292
883
210
834
336
422
353
473
736
753
434
571
288
123
318
583
562
259
580
117
336
972
736
922
937
720
339
4
821
196
766
776
171
248
705
327
681
622
330
530
747
351
806
218
555
770
759
260
476
264
874
924
107
68
181
508
12
365
190
392
286
632
98
488
422
796
259
0
50
140
406
989
533
114
585
254
717
953
925
830
302
509
623
712
118
835
849
731
311
309
956
881
9
398
887
722
197
354
661
300
341
464
907
546
907
239
675
800
827
747
700
305
493
738
345
653
914
836
255
976
134
693
307
219
609
896
492
51
373
729
188
128
881
196
498
463
350
334
76
920
267
173
914
642
473
178
253
567
198
345
859
30
175
87
237
629
966
252
29
790
948
79
157
674
813
512
113
847
292
255
294
293
913
842
502
713
794
363
653
472
443
930
82
632
642
201
532
941
966
319
259
94
692
977
466
771
225
56
565
723
51
661
496
871
219
817
756
47
821
663
768
622
257
781
258
311
30
192
905
287
154
3
864
797
5
877
785
402
835
34
920
920
245
329
509
985
85
995
716
460
995
705
181
73
454
104
181
315
366
315
641
698
536
140
514
13
27
549
232
823
398
751
143
501
903
414
514
50
322
206
548
54
740
471
888
658
858
560
917
821
214
358
506
365
962
993
920
105
948
668
263
563
756
917
968
287
676
790
871
67
841
114
152
588
268
772
675
1000
741
802
865
25
830
680
298
148
235
775
183
377
313
394
309
620
43
298
380
926
670
218
580
256
317
1
537
250
306
573
11
91
901
996
391
86
503
73
781
842
392
311
828
395
288
504
231
535
173
580
353
469
21
574
239
210
992
797
403
318
993
125
687
326
436
185
66
283
185
494
392
613
430
981
299
400
143
325
968
44
544
638
42
10
194
801
184
985
987
227
289
993
35
930
658
229
943
385
596
581
137
353
110
875
591
454
89
235
859
969
398
281
532
157
142
252
99
482
19
860
649
197
983
583
837
90
657
142
954
638
571
374
652
836
628
885
156
567
943
364
325
701
643
156
978
480
337
586
447
854
640
329
511
771
921
957
849
231
552
705
93
846
743
722
964
105
424
8
513
753
866
232
175
870
872
608
132
515
988
807
899
18
15
898
304
744
582
931
937
665
811
799
115
876
782
472
412
359
94
664
520
206
114
586
427
113
397
29
690
533
997
196
116
117
346
627
524
348
462
133
88
415
472
906
672
330
16
454
655
384
746
139
551
625
264
109
165
31
699
535
840
225
533
627
152
564
66
369
907
577
369
605
159
573
70
919
271
527
424
751
617
90
315
376
313
562
357
594
297
359
844
42
657
644
521
912
358
164
297
350
357
450
786
250
387
728
441
301
518
724
427
809
33
785
960
543
712
194
134
460
730
483
153
180
413
396
650
611
557
180
346
520
496
794
276
876
695
500
734
485
483
927
198
739
899
249
916
925
411
303
848
293
288
191
150
944
0
298
861
742
27
993
327
82
299
94
607
632
294
156
677
471
443
429
83
461
731
27
391
329
309
866
404
42
701
120
794
562
865
193
495
884
548
270
205
252
438
762
89
819
447
516
584
112
597
946
296
72
317
715
938
524
760
931
269
562
655
860
376
112
621
679
225
419
886
154
226
212
939
309
123
330
845
538
648
835
687
534
657
789
838
139
268
344
427
93
805
549
523
19
766
477
835
868
370
371
608
54
636
87
888
863
657
963
293
937
500
306
874
359
663
676
901
460
225
682
353
459
762
597
688
250
586
282
608
2
60
211
309
448
484
203
718
358
127
885
37
994
913
38
6
65
762
316
600
746
8
584
672
505
943
39
7
768
830
630
490
196
858
111
141
834
478
209
840
105
103
220
147
307
381
594
229
131
669
443
623
960
133
531
513
461
317
422
849
296
887
769
214
384
489
393
495
312
536
549
292
797
594
927
4
193
883
10
578
1
554
226
37
650
885
94
101
327
910
854
45
142
925
217
426
890
800
929
939
611
357
581
851
654
711
98
85
210
559
812
672
25
543
71
202
937
81
875
257
167
233
445
574
9
103
743
728
492
513
623
497
275
764
748
704
692
814
927
63
225
480
709
158
92
429
226
706
990
623
49
905
665
580
348
515
680
299
399
500
346
603
308
948
729
74
253
247
918
102
856
764
683
758
627
32
560
210
870
930
236
946
443
970
940
98
543
547
982
83
668
921
310
208
873
916
121
603
786
376
786
228
280
119
754
42
81
792
337
446
217
67
370
256
715
345
487
923
354
424
114
53
1000
964
246
250
468
640
883
159
54
601
862
258
669
872
297
659
357
232
789
13
691
186
183
679
736
156
613
110
693
643
292
798
158
588
689
855
978
933
199
190
83
466
5
34
85
113
546
557
464
420
678
360
43
3
242
357
322