0 3
0 3
5 3
5 3
12 3
16 3
19 3
24 3
25 3
29 3
31 3
36 3
38 3
42 3
62 3
63 3
64 3
65 3
69 3
72 3
76 3
78 3
88 3
93 3
100 3
105 3
111 3
126 3
131 3
134 3
135 3
135 3
137 3
151 3
151 3
151 3
157 3
176 3
180 3
182 3
184 3
185 3
185 3
187 3
207 3
208 3
209 3
211 3
211 3
212 3
216 3
217 3
223 3
255 3
261 3
262 3
263 3
271 3
273 3
273 3
279 3
285 3
293 3
300 3
302 3
302 3
313 3
314 3
316 3
317 3
318 3
324 3
337 3
338 3
338 3
351 3
355 3
359 3
368 3
369 3
372 3
373 3
401 3
405 3
406 3
409 3
409 3
410 3
418 3
422 3
424 3
427 3
432 3
432 3
433 3
441 3
444 3
449 3
451 3
458 3
461 3
462 3
465 3
466 3
467 3
470 3
478 3
480 3
483 3
488 3
489 3
491 3
493 3
494 3
501 3
508 3
510 3
511 3
517 3
522 3
524 3
531 3
533 3
535 3
545 3
546 3
546 3
547 3
549 3
551 3
552 3
553 3
556 3
565 3
565 3
575 3
581 3
590 3
590 3
602 3
609 3
609 3
610 3
612 3
617 3
617 3
618 3
621 3
626 3
626 3
629 3
629 3
631 3
636 3
643 3
647 3
649 3
652 3
657 3
663 3
663 3
664 3
676 3
684 3
690 3
700 3
705 3
707 3
710 3
710 3
711 3
711 3
711 3
712 3
713 3
714 3
721 3
723 3
729 3
740 3
744 3
745 3
757 3
760 3
760 3
762 3
763 3
765 3
773 3
775 3
777 3
780 3
781 3
788 3
789 3
793 3
798 3
803 3
803 3
818 3
823 3
826 3
826 3
828 3
829 3
834 3
842 3
846 3
846 3
846 3
850 3
853 3
855 3
856 3
857 3
861 3
861 3
865 3
866 3
874 3
874 3
874 3
875 3
877 3
883 3
888 3
890 3
891 3
892 3
893 3
895 3
898 3
900 3
901 3
901 3
903 3
920 3
936 3
937 3
954 3
955 3
956 3
975 3
976 3
979 3
983 3
985 3
992 3
993 3
998 3
