7 1
28 1
47 1
48 1
51 1
54 1
69 1
74 1
75 1
78 1
81 1
92 1
94 1
95 1
102 1
112 1
113 1
124 1
124 1
127 1
129 1
134 1
139 1
142 1
148 1
148 1
150 1
151 1
152 1
160 1
163 1
172 1
172 1
174 1
175 1
180 1
190 1
192 1
193 1
195 1
195 1
200 1
203 1
206 1
212 1
215 1
219 1
219 1
221 1
221 1
222 1
225 1
227 1
231 1
235 1
243 1
247 1
254 1
258 1
266 1
266 1
269 1
272 1
286 1
288 1
289 1
295 1
298 1
299 1
301 1
302 1
303 1
304 1
305 1
307 1
312 1
313 1
313 1
314 1
320 1
326 1
327 1
334 1
356 1
359 1
361 1
362 1
367 1
368 1
378 1
379 1
386 1
402 1
402 1
402 1
403 1
408 1
409 1
419 1
421 1
431 1
436 1
437 1
442 1
443 1
443 1
452 1
454 1
455 1
455 1
457 1
462 1
462 1
472 1
473 1
478 1
491 1
505 1
505 1
509 1
509 1
510 1
510 1
511 1
516 1
517 1
522 1
522 1
523 1
527 1
529 1
530 1
531 1
532 1
533 1
539 1
545 1
553 1
556 1
563 1
567 1
574 1
581 1
582 1
584 1
589 1
592 1
594 1
595 1
596 1
600 1
607 1
610 1
615 1
619 1
622 1
625 1
631 1
634 1
635 1
642 1
645 1
656 1
657 1
660 1
667 1
668 1
670 1
670 1
673 1
675 1
677 1
681 1
688 1
689 1
694 1
698 1
701 1
708 1
713 1
713 1
716 1
728 1
728 1
730 1
731 1
733 1
737 1
748 1
750 1
751 1
760 1
763 1
765 1
767 1
771 1
781 1
782 1
783 1
800 1
801 1
807 1
819 1
821 1
823 1
825 1
830 1
834 1
835 1
838 1
839 1
845 1
850 1
852 1
854 1
863 1
866 1
868 1
872 1
877 1
886 1
890 1
890 1
896 1
909 1
913 1
915 1
919 1
919 1
925 1
932 1
933 1
935 1
935 1
938 1
939 1
941 1
944 1
945 1
952 1
958 1
958 1
959 1
963 1
967 1
977 1
978 1
985 1
991 1
999 1
