0 6
3 6
5 6
9 6
12 6
13 6
27 6
29 6
30 6
30 6
34 6
47 6
50 6
50 6
51 6
51 6
54 6
56 6
67 6
68 6
73 6
76 6
79 6
82 6
85 6
87 6
94 6
98 6
104 6
105 6
107 6
113 6
114 6
114 6
118 6
128 6
134 6
140 6
140 6
143 6
154 6
157 6
173 6
175 6
178 6
181 6
181 6
181 6
188 6
190 6
192 6
196 6
197 6
198 6
201 6
206 6
214 6
219 6
219 6
225 6
232 6
237 6
239 6
245 6
252 6
253 6
254 6
255 6
255 6
257 6
258 6
259 6
259 6
263 6
267 6
286 6
287 6
287 6
292 6
293 6
294 6
300 6
302 6
305 6
307 6
309 6
311 6
311 6
315 6
315 6
319 6
322 6
329 6
334 6
341 6
345 6
345 6
350 6
354 6
358 6
363 6
365 6
365 6
366 6
373 6
392 6
398 6
398 6
402 6
406 6
414 6
422 6
443 6
454 6
460 6
463 6
464 6
466 6
471 6
472 6
473 6
488 6
492 6
493 6
496 6
498 6
501 6
502 6
506 6
508 6
509 6
509 6
512 6
514 6
514 6
532 6
533 6
536 6
546 6
548 6
549 6
560 6
563 6
565 6
567 6
585 6
609 6
622 6
623 6
629 6
632 6
632 6
641 6
642 6
642 6
653 6
653 6
658 6
661 6
661 6
663 6
668 6
674 6
675 6
676 6
692 6
693 6
698 6
700 6
705 6
712 6
713 6
716 6
717 6
722 6
723 6
729 6
731 6
738 6
740 6
747 6
751 6
756 6
756 6
768 6
771 6
781 6
785 6
790 6
790 6
794 6
796 6
797 6
800 6
813 6
817 6
821 6
821 6
823 6
827 6
830 6
835 6
835 6
836 6
841 6
842 6
847 6
849 6
858 6
859 6
864 6
871 6
871 6
877 6
881 6
881 6
887 6
888 6
896 6
903 6
905 6
907 6
907 6
913 6
914 6
914 6
917 6
917 6
920 6
920 6
920 6
920 6
925 6
930 6
941 6
948 6
948 6
953 6
956 6
962 6
966 6
966 6
968 6
976 6
977 6
985 6
989 6
993 6
995 6
995 6
