0 8
2 8
6 8
7 8
8 8
19 8
27 8
27 8
33 8
37 8
38 8
39 8
42 8
42 8
54 8
60 8
65 8
66 8
70 8
72 8
82 8
83 8
87 8
89 8
90 8
93 8
94 8
112 8
112 8
120 8
123 8
127 8
134 8
139 8
150 8
152 8
153 8
154 8
156 8
159 8
164 8
180 8
180 8
191 8
193 8
194 8
198 8
203 8
205 8
211 8
212 8
225 8
225 8
226 8
249 8
250 8
250 8
252 8
268 8
269 8
270 8
271 8
276 8
282 8
288 8
293 8
293 8
294 8
296 8
297 8
297 8
298 8
299 8
301 8
303 8
306 8
309 8
309 8
309 8
313 8
315 8
316 8
317 8
327 8
329 8
330 8
344 8
346 8
350 8
353 8
357 8
357 8
358 8
358 8
359 8
359 8
369 8
369 8
370 8
371 8
376 8
376 8
387 8
391 8
396 8
404 8
411 8
413 8
419 8
424 8
427 8
427 8
429 8
438 8
441 8
443 8
447 8
448 8
450 8
459 8
460 8
460 8
461 8
471 8
477 8
483 8
483 8
484 8
485 8
495 8
496 8
500 8
500 8
505 8
516 8
518 8
520 8
521 8
523 8
524 8
527 8
534 8
538 8
543 8
548 8
549 8
557 8
562 8
562 8
562 8
564 8
573 8
577 8
584 8
584 8
586 8
594 8
597 8
597 8
600 8
605 8
607 8
608 8
608 8
611 8
617 8
621 8
632 8
636 8
644 8
648 8
650 8
655 8
657 8
657 8
657 8
663 8
672 8
676 8
677 8
679 8
682 8
687 8
688 8
695 8
701 8
712 8
715 8
718 8
724 8
728 8
730 8
731 8
734 8
739 8
742 8
746 8
751 8
760 8
762 8
762 8
762 8
766 8
768 8
785 8
786 8
789 8
794 8
794 8
805 8
809 8
819 8
835 8
835 8
838 8
844 8
845 8
848 8
860 8
861 8
863 8
865 8
866 8
868 8
874 8
876 8
884 8
885 8
886 8
888 8
899 8
901 8
907 8
912 8
913 8
916 8
919 8
925 8
927 8
931 8
937 8
938 8
939 8
943 8
944 8
946 8
960 8
963 8
993 8
994 8
