1 7
8 7
10 7
11 7
15 7
16 7
18 7
19 7
21 7
25 7
29 7
31 7
35 7
42 7
43 7
44 7
66 7
73 7
86 7
88 7
89 7
90 7
91 7
93 7
94 7
99 7
105 7
109 7
110 7
113 7
114 7
115 7
116 7
117 7
125 7
132 7
133 7
137 7
139 7
142 7
142 7
143 7
148 7
152 7
156 7
156 7
157 7
165 7
173 7
175 7
183 7
184 7
185 7
185 7
194 7
196 7
197 7
206 7
210 7
218 7
225 7
227 7
229 7
231 7
231 7
232 7
235 7
235 7
239 7
250 7
252 7
256 7
264 7
268 7
281 7
283 7
288 7
289 7
298 7
298 7
299 7
304 7
306 7
309 7
311 7
313 7
317 7
318 7
325 7
325 7
326 7
329 7
330 7
337 7
346 7
348 7
353 7
353 7
359 7
364 7
374 7
377 7
380 7
384 7
385 7
391 7
392 7
392 7
394 7
395 7
397 7
398 7
400 7
403 7
412 7
415 7
424 7
427 7
430 7
436 7
447 7
454 7
454 7
462 7
469 7
472 7
472 7
480 7
482 7
494 7
503 7
504 7
511 7
513 7
515 7
520 7
524 7
532 7
533 7
533 7
535 7
535 7
537 7
544 7
551 7
552 7
567 7
571 7
573 7
574 7
580 7
580 7
581 7
582 7
583 7
586 7
586 7
588 7
591 7
596 7
608 7
613 7
620 7
625 7
627 7
627 7
628 7
638 7
638 7
640 7
643 7
649 7
652 7
655 7
657 7
658 7
664 7
665 7
670 7
672 7
675 7
680 7
687 7
690 7
699 7
701 7
705 7
722 7
741 7
743 7
744 7
746 7
753 7
771 7
772 7
775 7
781 7
782 7
797 7
799 7
801 7
802 7
807 7
811 7
828 7
830 7
836 7
837 7
840 7
842 7
846 7
849 7
854 7
859 7
860 7
865 7
866 7
870 7
872 7
875 7
876 7
885 7
898 7
899 7
901 7
906 7
921 7
926 7
930 7
931 7
937 7
943 7
943 7
954 7
957 7
964 7
968 7
969 7
978 7
981 7
983 7
985 7
987 7
988 7
992 7
993 7
993 7
996 7
997 7
1000 7
