4 5
5 5
12 5
29 5
33 5
35 5
36 5
48 5
52 5
56 5
58 5
65 5
73 5
75 5
78 5
81 5
81 5
83 5
87 5
89 5
92 5
94 5
104 5
115 5
117 5
117 5
123 5
123 5
130 5
131 5
144 5
152 5
163 5
168 5
170 5
171 5
173 5
175 5
181 5
196 5
197 5
199 5
202 5
210 5
218 5
221 5
229 5
237 5
238 5
244 5
245 5
246 5
248 5
255 5
257 5
259 5
260 5
262 5
264 5
266 5
273 5
274 5
277 5
278 5
282 5
282 5
285 5
285 5
285 5
288 5
292 5
296 5
300 5
301 5
302 5
303 5
307 5
318 5
318 5
327 5
330 5
333 5
336 5
336 5
337 5
338 5
339 5
339 5
345 5
347 5
351 5
351 5
353 5
354 5
357 5
359 5
369 5
376 5
380 5
383 5
392 5
392 5
395 5
397 5
405 5
419 5
420 5
422 5
428 5
429 5
431 5
432 5
432 5
434 5
439 5
449 5
451 5
457 5
464 5
469 5
470 5
471 5
473 5
473 5
474 5
476 5
478 5
489 5
498 5
501 5
504 5
508 5
508 5
530 5
531 5
531 5
536 5
549 5
553 5
554 5
555 5
555 5
562 5
567 5
568 5
571 5
576 5
579 5
580 5
581 5
582 5
583 5
583 5
588 5
590 5
593 5
597 5
600 5
605 5
611 5
613 5
620 5
622 5
632 5
636 5
642 5
646 5
654 5
659 5
671 5
674 5
681 5
684 5
691 5
692 5
692 5
695 5
696 5
703 5
704 5
705 5
706 5
709 5
720 5
724 5
726 5
736 5
736 5
739 5
747 5
753 5
756 5
757 5
759 5
764 5
764 5
766 5
768 5
770 5
772 5
774 5
776 5
784 5
786 5
788 5
789 5
799 5
805 5
806 5
808 5
813 5
820 5
821 5
826 5
827 5
827 5
833 5
834 5
839 5
842 5
863 5
865 5
874 5
876 5
883 5
883 5
886 5
893 5
898 5
903 5
904 5
911 5
917 5
918 5
919 5
920 5
922 5
923 5
924 5
928 5
931 5
937 5
942 5
954 5
958 5
958 5
967 5
972 5
972 5
991 5
