2 4
4 4
9 4
11 4
11 4
12 4
14 4
15 4
26 4
27 4
30 4
37 4
38 4
39 4
52 4
55 4
55 4
58 4
63 4
69 4
73 4
75 4
76 4
82 4
82 4
84 4
89 4
97 4
103 4
105 4
106 4
110 4
112 4
116 4
119 4
139 4
142 4
151 4
153 4
154 4
155 4
161 4
162 4
170 4
174 4
188 4
189 4
194 4
195 4
197 4
197 4
200 4
219 4
225 4
229 4
236 4
238 4
241 4
244 4
254 4
259 4
262 4
267 4
269 4
270 4
272 4
274 4
278 4
279 4
280 4
289 4
292 4
309 4
309 4
318 4
322 4
322 4
328 4
338 4
340 4
341 4
343 4
347 4
353 4
354 4
355 4
356 4
358 4
366 4
368 4
376 4
403 4
404 4
407 4
408 4
412 4
414 4
415 4
416 4
417 4
417 4
431 4
435 4
436 4
438 4
452 4
456 4
462 4
470 4
470 4
481 4
482 4
482 4
483 4
489 4
491 4
493 4
494 4
501 4
506 4
518 4
518 4
521 4
521 4
528 4
534 4
534 4
539 4
540 4
547 4
549 4
550 4
560 4
561 4
562 4
567 4
579 4
582 4
585 4
585 4
586 4
587 4
593 4
593 4
594 4
601 4
615 4
620 4
633 4
634 4
636 4
642 4
644 4
647 4
647 4
651 4
659 4
660 4
660 4
660 4
663 4
667 4
669 4
669 4
673 4
676 4
677 4
677 4
678 4
682 4
689 4
704 4
711 4
715 4
716 4
719 4
720 4
723 4
725 4
733 4
736 4
740 4
748 4
749 4
751 4
756 4
757 4
769 4
770 4
772 4
778 4
779 4
780 4
780 4
783 4
785 4
786 4
786 4
792 4
793 4
800 4
803 4
806 4
809 4
812 4
818 4
819 4
829 4
839 4
843 4
851 4
854 4
857 4
858 4
859 4
862 4
863 4
867 4
869 4
871 4
872 4
874 4
876 4
878 4
882 4
886 4
889 4
900 4
904 4
911 4
915 4
916 4
917 4
922 4
925 4
927 4
934 4
935 4
937 4
938 4
950 4
957 4
965 4
971 4
976 4
979 4
980 4
995 4
995 4
997 4
