0 0
2 0
5 0
18 0
27 0
30 0
34 0
38 0
42 0
46 0
56 0
57 0
63 0
66 0
69 0
76 0
79 0
88 0
89 0
92 0
92 0
102 0
106 0
109 0
115 0
119 0
125 0
130 0
132 0
132 0
134 0
137 0
140 0
146 0
149 0
151 0
157 0
162 0
164 0
165 0
166 0
166 0
175 0
176 0
178 0
178 0
184 0
195 0
199 0
209 0
212 0
216 0
232 0
240 0
241 0
244 0
244 0
250 0
253 0
256 0
259 0
265 0
265 0
277 0
279 0
288 0
289 0
290 0
295 0
295 0
302 0
314 0
317 0
318 0
327 0
334 0
335 0
337 0
340 0
345 0
349 0
358 0
367 0
371 0
373 0
374 0
376 0
379 0
386 0
386 0
388 0
388 0
392 0
392 0
395 0
403 0
405 0
408 0
412 0
421 0
428 0
429 0
430 0
436 0
438 0
452 0
453 0
455 0
458 0
460 0
462 0
467 0
471 0
474 0
477 0
481 0
483 0
502 0
502 0
507 0
513 0
519 0
519 0
524 0
525 0
526 0
530 0
533 0
534 0
535 0
536 0
537 0
549 0
549 0
556 0
556 0
557 0
563 0
565 0
569 0
570 0
575 0
587 0
593 0
596 0
596 0
600 0
604 0
605 0
605 0
607 0
613 0
614 0
617 0
621 0
622 0
627 0
631 0
633 0
634 0
638 0
639 0
649 0
651 0
651 0
658 0
658 0
663 0
672 0
676 0
676 0
692 0
693 0
698 0
706 0
707 0
717 0
722 0
724 0
726 0
726 0
728 0
730 0
731 0
733 0
738 0
742 0
749 0
752 0
754 0
759 0
769 0
774 0
774 0
775 0
776 0
777 0
777 0
783 0
784 0
786 0
787 0
790 0
795 0
812 0
817 0
819 0
822 0
824 0
833 0
834 0
835 0
843 0
845 0
849 0
850 0
851 0
853 0
862 0
866 0
874 0
880 0
882 0
883 0
891 0
897 0
900 0
901 0
902 0
905 0
917 0
919 0
921 0
923 0
923 0
924 0
924 0
931 0
933 0
934 0
940 0
950 0
952 0
956 0
957 0
959 0
969 0
976 0
980 0
990 0
