1 9
3 9
4 9
5 9
9 9
10 9
13 9
25 9
32 9
34 9
37 9
42 9
43 9
45 9
49 9
53 9
54 9
63 9
67 9
71 9
74 9
81 9
81 9
83 9
83 9
85 9
85 9
92 9
94 9
98 9
98 9
101 9
102 9
103 9
103 9
105 9
110 9
111 9
113 9
114 9
119 9
121 9
131 9
133 9
141 9
142 9
147 9
156 9
158 9
158 9
159 9
167 9
183 9
186 9
190 9
193 9
196 9
199 9
202 9
208 9
209 9
210 9
210 9
214 9
217 9
217 9
220 9
225 9
226 9
226 9
228 9
229 9
232 9
233 9
236 9
242 9
246 9
247 9
250 9
253 9
256 9
257 9
258 9
275 9
280 9
292 9
292 9
296 9
297 9
299 9
307 9
308 9
310 9
312 9
317 9
322 9
327 9
337 9
345 9
346 9
348 9
354 9
357 9
357 9
357 9
360 9
370 9
376 9
381 9
384 9
393 9
399 9
420 9
422 9
424 9
426 9
429 9
443 9
443 9
445 9
446 9
461 9
464 9
466 9
468 9
478 9
480 9
487 9
489 9
490 9
492 9
495 9
497 9
500 9
513 9
513 9
515 9
531 9
536 9
543 9
543 9
546 9
547 9
549 9
554 9
557 9
559 9
560 9
574 9
578 9
580 9
581 9
588 9
594 9
594 9
601 9
603 9
603 9
611 9
613 9
623 9
623 9
623 9
627 9
630 9
640 9
643 9
650 9
654 9
659 9
665 9
668 9
669 9
669 9
672 9
678 9
679 9
680 9
683 9
689 9
691 9
692 9
693 9
704 9
706 9
709 9
711 9
715 9
728 9
729 9
736 9
743 9
748 9
754 9
758 9
764 9
764 9
769 9
786 9
786 9
789 9
792 9
797 9
798 9
800 9
812 9
814 9
830 9
834 9
840 9
849 9
851 9
854 9
855 9
856 9
858 9
862 9
870 9
872 9
873 9
875 9
883 9
883 9
885 9
887 9
890 9
905 9
910 9
916 9
918 9
921 9
923 9
925 9
927 9
927 9
929 9
930 9
933 9
937 9
939 9
940 9
946 9
948 9
960 9
964 9
970 9
978 9
982 9
990 9
1000 9
