1 2
14 2
19 2
24 2
25 2
26 2
26 2
31 2
31 2
35 2
39 2
42 2
47 2
47 2
51 2
53 2
66 2
68 2
73 2
88 2
89 2
90 2
92 2
97 2
104 2
112 2
112 2
112 2
114 2
115 2
117 2
123 2
125 2
133 2
137 2
139 2
141 2
143 2
146 2
148 2
155 2
156 2
161 2
166 2
173 2
176 2
178 2
182 2
191 2
193 2
207 2
210 2
214 2
215 2
218 2
220 2
223 2
233 2
237 2
238 2
238 2
245 2
246 2
248 2
254 2
255 2
260 2
267 2
276 2
281 2
283 2
288 2
288 2
289 2
295 2
296 2
299 2
306 2
307 2
307 2
313 2
314 2
318 2
322 2
323 2
325 2
327 2
328 2
329 2
329 2
330 2
334 2
337 2
337 2
349 2
350 2
354 2
354 2
356 2
358 2
358 2
359 2
361 2
366 2
367 2
370 2
375 2
379 2
380 2
384 2
385 2
387 2
387 2
390 2
397 2
400 2
409 2
410 2
411 2
414 2
426 2
426 2
430 2
442 2
448 2
451 2
453 2
454 2
464 2
466 2
466 2
468 2
471 2
474 2
479 2
482 2
486 2
492 2
496 2
499 2
507 2
510 2
514 2
526 2
528 2
530 2
532 2
538 2
541 2
543 2
545 2
548 2
555 2
555 2
557 2
557 2
564 2
570 2
570 2
577 2
583 2
592 2
598 2
599 2
600 2
601 2
602 2
604 2
607 2
617 2
619 2
620 2
624 2
633 2
637 2
639 2
645 2
653 2
654 2
655 2
658 2
662 2
672 2
674 2
692 2
696 2
697 2
701 2
702 2
705 2
711 2
715 2
717 2
721 2
723 2
729 2
733 2
733 2
736 2
741 2
743 2
751 2
767 2
773 2
774 2
777 2
777 2
778 2
785 2
787 2
787 2
792 2
796 2
810 2
814 2
818 2
818 2
822 2
823 2
827 2
828 2
828 2
838 2
847 2
848 2
855 2
858 2
859 2
862 2
871 2
882 2
886 2
887 2
891 2
893 2
913 2
915 2
917 2
927 2
929 2
935 2
936 2
949 2
961 2
975 2
976 2
982 2
994 2
996 2
1000 2
